{
 "cells": [
  {
   "cell_type": "code",
   "execution_count": null,
   "metadata": {},
   "outputs": [],
   "source": [
    "import numpy as np\n",
    "import os\n",
    "import matplotlib.pyplot as plt\n",
    "import json\n",
    "import open3d as o3d\n",
    "# from collections import Counter\n",
    "from joblib import Parallel, delayed\n",
    "from scipy import stats\n",
    "# parameters\n",
    "params_3d = {\n",
    "    # for parallel computing\n",
    "    \"thread_number\": 32,                                 \n",
    "    # for 3d line merging\n",
    "    \"parrallel_thresh_3d\":np.cos(2.5*np.pi/180), # tune this\n",
    "    \"overlap_thresh_3d\": 0.025,                  # tune this\n",
    "    # for 3d line pruning\n",
    "    \"degree_threshold\": 2,                       # tune this\n",
    "}"
   ]
  },
  {
   "cell_type": "code",
   "execution_count": 10,
   "metadata": {},
   "outputs": [
    {
     "name": "stdout",
     "output_type": "stream",
     "text": [
      "{'frame_000000': [[-0.7930862521563116, -0.022060346677087537, 0.6087076484818039, 6.105396965609699], [-0.6090840180164977, 0.03744752668856908, -0.7922202873310288, 3.291934091367147], [-0.005317497718955851, -0.9990543571855539, -0.04313447013911448, 1.6131094952525318], [0.0, 0.0, 0.0, 1.0000000596044458]], 'frame_000020': [[-0.7949955634767969, -0.009322774648723461, 0.6065415349302604, 6.106451429779427], [-0.6064488845667865, 0.03548532253137128, -0.7943294113932738, 3.2921888867774234], [-0.014117538420170137, -0.9993259298196905, -0.03386319210393929, 1.6147263056802592], [0.0, 0.0, 0.0, 1.0000000596044458]], 'frame_000040': [[-0.7882379415741583, -0.008672303059772379, 0.6153073391768936, 6.114690518458571], [-0.6152536799477762, 0.030417208665746893, -0.7877412471202073, 3.2945398290343535], [-0.011883954939190191, -0.9994988728228892, -0.02931039788646984, 1.617002004771334], [0.0, 0.0, 0.0, 1.0000000596044458]], 'frame_000060': [[-0.7538244585671235, 0.010860016430252976, 0.65698407970071, 6.121204000664119], [-0.656795209639554, 0.01666391542210775, -0.7538839325037564, 3.3048016401264038], [-0.01913461127783241, -0.999801387929787, -0.005427595574723491, 1.624076578447159], [0.0, 0.0, 0.0, 1.0000000596044458]], 'frame_000160': [[-0.4241222306214134, -0.1435040607261596, 0.8941633331274692, 6.201739631445299], [-0.904307852485949, 0.11995098128685971, -0.4096824902613784, 3.404943567746262], [-0.048465116544659584, -0.9823538253265784, -0.18064634612401523, 1.5651009599249803], [0.0, 0.0, 0.0, 1.0000000596044458]], 'frame_000180': [[-0.4346843293207599, -0.23143432713007153, 0.870338428402683, 6.203457987813116], [-0.8994572078456434, 0.15988645364645757, -0.4067109695049643, 3.4030595046770986], [-0.04502887331578512, -0.9596224319116147, -0.27766592618390745, 1.5272726498703812], [0.0, 0.0, 0.0, 0.9999999403950994]], 'frame_000200': [[-0.4888863518889018, -0.2601110894968282, 0.8326666511065745, 6.194919017589247], [-0.8713187659190363, 0.19196015223043847, -0.45161453371192106, 3.387090566078639], [-0.04236926072645855, -0.9463055215943759, -0.32048689391685964, 1.5036804545064457], [0.0, 0.0, 0.0, 1.0000000596044458]], 'frame_000220': [[-0.5905422373980405, -0.2523030394414909, 0.7665524530279904, 6.164013623355919], [-0.8055983642454082, 0.24039411208692435, -0.5414995790653206, 3.3405238643811686], [-0.04765260580209716, -0.9373118585737195, -0.345217646701788, 1.479798821163737], [0.0, 0.0, 0.0, 0.9999999999997726]], 'frame_000320': [[-0.8793469647224081, -0.03933875164698296, 0.47455343202662276, 5.976221928919518], [-0.47585768575849746, 0.10932130963172608, -0.8727016042239601, 3.1482570679229736], [-0.01754774931914897, -0.9932275467612136, -0.11485078573507912, 1.5550635643645745], [0.0, 0.0, 0.0, 1.0000000596044458]], 'frame_000340': [[-0.8884869329507648, -0.03303661435313021, 0.4577106710362697, 6.019034543419245], [-0.45888999394810925, 0.07098368432260838, -0.8856528823599656, 3.1107984452748956], [-0.0032309592992738763, -0.9969301009860033, -0.07822802650379028, 1.5688729677345647], [0.0, 0.0, 0.0, 1.0000000596044458]], 'frame_000360': [[-0.9100792270825675, -0.00556472348491888, 0.4143965326639765, 6.103743165460493], [-0.41440079533873647, 0.02486129341887159, -0.909754759901518, 3.053486774471798], [-0.005239855447017857, -0.9996753062552041, -0.02493153833468541, 1.590045740889735], [0.0, 0.0, 0.0, 1.0000001788137922]], 'frame_000560': [[-0.9270217245456956, -0.006450620822385454, -0.3749487857421108, 6.681612394470238], [0.37464783467003787, 0.02765260817859741, -0.926754026771521, 2.8160960656486154], [0.01634622219473102, -0.9995961585149654, -0.023216656837603038, 1.6027320961728169], [0.0, 0.0, 0.0, 1.0000000596044458]], 'frame_000580': [[-0.9527830075332617, -0.054132634165790644, -0.298783720779067, 6.710078086236623], [0.30188393957134213, -0.0629626439086395, -0.9512626260179021, 2.8509763913804793], [0.03268203034075783, -0.9965459931710505, 0.07633284764548505, 1.63870509398387], [0.0, 0.0, 0.0, 1.0000001788137922]], 'frame_000620': [[-0.9959457987069891, -0.012859223146622856, -0.08903033502837426, 6.750402386205525], [0.08902658731502454, 0.0008615720517145564, -0.9960288554792618, 2.9144684342906304], [0.012884855606743925, -0.9999169308690068, 0.00028687555049567316, 1.6271554854619943], [0.0, 0.0, 0.0, 0.9999999999997726]], 'frame_000640': [[-0.9980315474782343, 0.007765150131126937, -0.062228296623581786, 6.758644174287865], [0.06264548053062688, 0.07812898433075816, -0.9949729739272353, 2.9267094339571313], [-0.0028642865327055357, -0.9969129227650512, -0.07846150063507082, 1.5989716597476549], [0.0, 0.0, 0.0, 0.9999999999997726]], 'frame_000660': [[-0.999013739218079, 0.01244826871971618, -0.04261919507277029, 6.785202343870848], [0.04417513378897243, 0.1821881748808035, -0.9822707437995958, 2.9369639213653707], [-0.0044628359748136205, -0.9831848696514671, -0.18255822503759264, 1.5503208250855987], [0.0, 0.0, 0.0, 1.0000000596044458]], 'frame_000680': [[-0.999101664712161, 0.009548311213924757, -0.041285488679326736, 6.803279357976587], [0.042373572025274794, 0.23366896134242907, -0.9713924047575244, 2.9556025591983794], [0.0003719801774536719, -0.9722693678923109, -0.23386347743343786, 1.519304009905272], [0.0, 0.0, 0.0, 1.0000000596044458]], 'frame_000700': [[-0.9972499899612401, -0.005620196152872827, -0.07389545354868449, 6.8136945363384696], [0.06959312021510568, 0.27172430233242134, -0.9598554738207432, 2.9446432848313444], [0.02547375645785113, -0.9623586871886471, -0.2705857821734164, 1.4945678376542508], [0.0, 0.0, 0.0, 0.9999999999997726]], 'frame_000760': [[-0.9068522087571038, 0.09043343335013894, -0.4116298455577669, 6.782688606690474], [0.4199017498675821, 0.2774315900074533, -0.864125892291681, 2.694727607196099], [0.03605307560672719, -0.9564793353345329, -0.28956198661684834, 1.4602582406213707], [0.0, 0.0, 0.0, 1.0000000596044458]], 'frame_000780': [[-0.8903082187784631, 0.08460269698110247, -0.4474281761170026, 6.781066482818289], [0.4522805917071099, 0.2783146314053654, -0.8473384541089637, 2.6275199883286704], [0.05283849465859314, -0.956756349732773, -0.2860493307474672, 1.467751582281709], [0.0, 0.0, 0.0, 0.9999999999997726]], 'frame_000980': [[-0.7871102672512255, -0.13743395439732714, 0.601303715633856, 6.974098457910246], [-0.6167988792367156, 0.18114491505938538, -0.7659922191506295, 2.137043052534267], [-0.0036492354644447555, -0.9738055040796201, -0.22734898532400277, 1.5112978448738743], [0.0, 0.0, 0.0, 1.0000000596044458]], 'frame_001100': [[-0.1926795794841286, -0.06117623039058305, 0.9793537605559932, 6.900865214929373], [-0.9812385021402829, 0.018968313003363265, -0.19186510318485003, 1.9436767834163347], [-0.006839892363495038, -0.9979472809451789, -0.06368382365525024, 1.588931858270462], [0.0, 0.0, 0.0, 0.9999999999997726]], 'frame_001120': [[-0.09004076700245636, -0.11015071409693312, 0.9898279595298819, 6.933364067501514], [-0.9958594352396105, 0.022440430741927458, -0.08809214222063837, 1.9104828780359056], [-0.012508714280086408, -0.9936614604730717, -0.11171520986435488, 1.5733896119953166], [0.0, 0.0, 0.0, 1.0000000596044458]], 'frame_001140': [[0.032567011393437886, -0.19168081167245668, 0.9809167602792221, 6.974025645423308], [-0.9991738260754875, 0.017623790443078633, 0.03661695607143305, 1.90072219703497], [-0.024306194220529185, -0.9812990450314703, -0.19094851903388563, 1.5278756953915287], [0.0, 0.0, 0.0, 1.0000000596044458]], 'frame_001180': [[0.11003231727465525, -0.275085397599708, 0.9551024631804504, 6.99236747772109], [-0.9937790487005402, -0.013820758641208417, 0.11050729902241198, 1.784891150625155], [-0.017198705789868735, -0.9613202780123073, -0.2748948444167333, 1.4682452466487506], [0.0, 0.0, 0.0, 0.9999999403950994]], 'frame_001200': [[0.142572235620762, -0.27850333947487754, 0.9497941809946839, 6.985060815326885], [-0.9897793395355472, -0.043160189170219576, 0.13591866998338026, 1.6796224444205878], [0.0031395551934556578, -0.9594649148891385, -0.2818102914702115, 1.4677372723497217], [0.0, 0.0, 0.0, 1.0000000596044458]], 'frame_001220': [[0.18789368119483818, -0.26593193514256136, 0.9455025359803286, 6.981335528106753], [-0.9821882922993034, -0.05201890887497758, 0.18055237937091725, 1.574305632735813], [0.001169899759590541, -0.9625866660896844, -0.27096891385656546, 1.4633894635996243], [0.0, 0.0, 0.0, 0.9999999403950994]], 'frame_001240': [[0.10617002120140834, -0.2140931998197759, 0.9710257309584898, 6.988717734117235], [-0.99403274896683, 0.0017172874596073928, 0.10906351891227481, 1.4839147265081096], [-0.025016786527190877, -0.9768111518435921, -0.21263292421259106, 1.4850066471726275], [0.0, 0.0, 0.0, 1.0000000596044458]], 'frame_001260': [[0.05027226874981822, -0.13402434656346215, 0.9897015095171176, 6.998437713074585], [-0.9984349951200643, 0.017547803430646988, 0.05309145315897122, 1.44136231493012], [-0.02448216982068337, -0.9908220909588958, -0.13293198766230588, 1.5216293729580226], [0.0, 0.0, 0.0, 1.0000001788137922]], 'frame_001280': [[0.057852277466949514, -0.019258934430407656, 0.9981389435159248, 7.019357747224482], [-0.9983058905353811, 0.005009353407724743, 0.0579579276768263, 1.4282845444828376], [-0.006115760443795913, -0.9998014183043549, -0.018936029720576442, 1.5761171362946231], [0.0, 0.0, 0.0, 1.0000000596044458]], 'frame_001300': [[0.1592816916982553, 0.02683763289896223, 0.9868677983939456, 7.047371389698399], [-0.9870493747836419, 0.023591058628429036, 0.15866873386090563, 1.4266257666327073], [-0.019022439762744564, -0.9993607298813613, 0.030248131781091706, 1.6062920767325508], [0.0, 0.0, 0.0, 0.9999999999997726]], 'frame_001360': [[0.5602684422828841, 0.014767015296113826, 0.8281794242374058, 7.139361857633248], [-0.8280212336748194, 0.036431350086780175, 0.5595118894920589, 1.4575898429618357], [-0.02190942783637884, -0.9992271088447321, 0.032638710415332645, 1.630551283308021], [0.0, 0.0, 0.0, 1.0000000596044458]], 'frame_001380': [[0.6306898365557095, -0.03158056502161124, 0.7753922218880984, 7.1776398878153875], [-0.7755660324634149, 0.009083786955490007, 0.6312012392453717, 1.4871243825650085], [-0.026977243076932805, -0.9994599838663786, -0.018763777180036415, 1.617041861002535], [0.0, 0.0, 0.0, 1.0000000596044458]], 'frame_001420': [[0.8850289742099559, -0.06232417888591222, 0.46134517958911225, 7.235460886719612], [-0.4654267537934485, -0.0970030183373045, 0.8797536774244442, 1.4860725400129424], [-0.010077747378304322, -0.9933298223560444, -0.11485775201718068, 1.5742939006247338], [0.0, 0.0, 0.0, 1.0000000596044458]], 'frame_001440': [[0.9200357130408793, -0.06258130988197107, 0.38680441062344934, 7.2529124852352025], [-0.39181214707082396, -0.13644688477353248, 0.9098700488668219, 1.4542102551697882], [-0.004162301189021606, -0.9886676689859666, -0.1500560915258201, 1.5548969535237895], [0.0, 0.0, 0.0, 0.9999999403950994]], 'frame_001460': [[0.9178275301853649, -0.06324918782447136, 0.39190814626168896, 7.275663313193205], [-0.3968685322530362, -0.16949593036512553, 0.902089106689352, 1.4290555404584417], [0.00937073772578888, -0.9834982767176976, -0.18066959745138683, 1.5286041490160889], [0.0, 0.0, 0.0, 0.9999999999997726]], 'frame_001480': [[0.917015104117158, -0.10306815516839415, 0.38530537593368824, 7.308218118031921], [-0.3987809072063909, -0.21863379838075475, 0.8906016431014739, 1.4076106597056177], [-0.007551589070267393, -0.9703475223174111, -0.24159205876165823, 1.5046542723457461], [0.0, 0.0, 0.0, 1.0000000596044458]], 'frame_001800': [[0.7814102730071608, -0.15081862289646505, 0.605517708957853, 7.95095866495879], [-0.6235372428294925, -0.22676650917401575, 0.7481823099781653, 1.5031918713416408], [0.024471350049471027, -0.9622002019268042, -0.27123871365748475, 1.448931136571876], [0.0, 0.0, 0.0, 1.0000000596044458]], 'frame_001860': [[0.902618661886146, 0.030251691810644448, 0.4293768831660641, 8.082168339416308], [-0.4285538700286372, -0.030153104717162142, 0.9030137347804381, 1.536176268675695], [0.040264410747016775, -0.9990881219024834, -0.014252354752111122, 1.622197911373262], [0.0, 0.0, 0.0, 0.9999999999997726]], 'frame_001960': [[0.908030245574875, 0.0390505394328723, -0.41708049393750163, 8.062131691650901], [0.418711239470523, -0.054355956169560946, 0.9064913059100226, 1.4926940614913409], [0.012728160082682854, -0.9977577402174945, -0.06570772673260056, 1.5971914411895873], [0.0, 0.0, 0.0, 0.9999999999997726]], 'frame_001980': [[0.9093753421341323, 0.0563801736967337, -0.4121382433226682, 8.030443842105406], [0.4159683844223279, -0.11696314030935973, 0.9018259162512261, 1.4785298701134333], [0.0026401283992484622, -0.9915345874904316, -0.1298157237658346, 1.571546435394329], [0.0, 0.0, 0.0, 1.0000001788137922]], 'frame_002000': [[0.9137121996484823, 0.060158415831584384, -0.401884398902333, 8.013815274134041], [0.4061454726863551, -0.16747720474681804, 0.8983302905169622, 1.4674343479222596], [-0.013264343635378968, -0.9840387615766581, -0.17745897767097138, 1.5530274822369645], [0.0, 0.0, 0.0, 0.9999999999997726]], 'frame_002020': [[0.9261938989541068, 0.06704187656604989, -0.37103930228577364, 8.022036191111498], [0.3768312820309713, -0.19791145620275646, 0.9048920047950533, 1.4826743310066683], [-0.01276724219862523, -0.9779247074424215, -0.2085678656129283, 1.5190450252825385], [0.0, 0.0, 0.0, 0.9999999403950994]], 'frame_002040': [[0.9462869324254465, 0.06533025262354018, -0.3166592211959007, 8.02401963294787], [0.32268158503728767, -0.25272978437213184, 0.9121428721707979, 1.4851980987465918], [-0.020438653993175987, -0.965328887677865, -0.2602357611796495, 1.4944981655548537], [0.0, 0.0, 0.0, 0.9999999999997726]], 'frame_002080': [[0.9678960547014628, 0.05497619178489642, -0.2452647260384129, 8.141360787890925], [0.2506457297392178, -0.28414056052492676, 0.9254410558438838, 1.506061180842906], [-0.018812401816378534, -0.9572053942413775, -0.2887980566589408, 1.4611622454146183], [0.0, 0.0, 0.0, 1.0000000596044458]], 'frame_002100': [[0.9756394901391134, 0.028819362708600065, -0.21747865696417132, 8.225274548153353], [0.21704368105860283, -0.27109249624753845, 0.937764007330807, 1.5178792090512625], [-0.03193103169721052, -0.9621219718753383, -0.2707435945548809, 1.4706708729918845], [0.0, 0.0, 0.0, 1.0000000596044458]], 'frame_002120': [[0.9790806574032781, -0.010433117132651458, -0.20320509010437543, 8.319370903670404], [0.19534346636342267, -0.23127210695504852, 0.9530763939204502, 1.5225788062677397], [-0.05693920552688851, -0.9728333714493187, -0.22439598894252735, 1.4876507635814722], [0.0, 0.0, 0.0, 1.0000000596044458]], 'frame_002140': [[0.9865076229771338, -0.029658488702189706, -0.16100688293967438, 8.399677873378407], [0.1519718527681925, -0.1998672485963572, 0.9679660330485927, 1.530318486508082], [-0.06088839008089992, -0.9793742691395262, -0.1926633105768757, 1.5002741014363332], [0.0, 0.0, 0.0, 1.0000001788137922]], 'frame_002540': [[-0.042181998428787316, 0.48962676291044954, -0.8709113517392538, 8.88314290316061], [0.9977687206441469, 0.06579775543684854, -0.011334729682653246, 1.6117846399546787], [0.05175424406167379, -0.8694461399860977, -0.49130966664947856, 1.2310586407756305], [0.0, 0.0, 0.0, 1.0000000596044458]], 'frame_002560': [[0.05010944044220615, 0.5541929541890447, -0.8308785882523665, 8.885255631450574], [0.9980666013183018, 0.002846197404517104, 0.062090707165128864, 1.6422468018958571], [0.03677515053018876, -0.8323834939097066, -0.5529787668215044, 1.2005069238643047], [0.0, 0.0, 0.0, 0.9999999999997726]], 'frame_002620': [[0.4841827574236698, 0.507308811826347, -0.7128847999295782, 8.939215225292742], [0.8719194839278032, -0.21181029684461536, 0.4414668133326147, 1.8331672752088695], [0.07296372156565367, -0.8353287650948842, -0.5448872568764563, 1.1784173397143007], [0.0, 0.0, 0.0, 1.0000000596044458]], 'frame_002940': [[0.9751172115145015, 0.18120798027283744, -0.12771146547676465, 9.062748396725455], [0.20941326372233804, -0.5638644114609104, 0.7988750616352003, 1.8101319363557073], [0.07275052348279465, -0.8057411726665766, -0.5877812147778563, 1.2162566114904725], [0.0, 0.0, 0.0, 1.0000001788137922]], 'frame_003160': [[-0.19267121159596953, 0.4290384900412258, -0.8824985809067734, 9.069254332247084], [0.9812627426707407, 0.085322069280565, -0.1727532035594039, 2.39172952421098], [0.0011788163483636605, -0.8992476398885674, -0.4374386830055156, 1.3068363750503005], [0.0, 0.0, 0.0, 0.999999940395206]], 'frame_003260': [[-0.4048610533854864, 0.3567172723681319, -0.841925235073143, 9.177856825139228], [0.9140721980808681, 0.13411229569468408, -0.38273323700202244, 2.63063738912805], [-0.023615772731902372, -0.9245354364551105, -0.3803616297674016, 1.2948476484296667], [0.0, 0.0, 0.0, 1.0000000596044458]], 'frame_003280': [[-0.36085981368950004, 0.36978702064347635, -0.8561749931315517, 9.19643807773805], [0.9325421410326539, 0.15486386382783257, -0.3261612000528786, 2.7041538562057585], [0.011979649513707306, -0.9161189532010977, -0.4007256841305644, 1.275289950631241], [0.0, 0.0, 0.0, 1.0000001788137922]], 'frame_003410': [[-0.5903166180693689, 0.1746686875969537, -0.7880453854179638, 9.204819947061313], [0.807170493355667, 0.12718744614190358, -0.5764530363999125, 2.7165485977165074], [-0.0004591242918730644, -0.9763774383349155, -0.2160676242149288, 1.4185434117013076], [0.0, 0.0, 0.0, 1.0000000596044458]], 'frame_003430': [[-0.574242839261886, 0.21707037916744307, -0.7893820746051152, 9.200370816379671], [0.8185479145862228, 0.16980714025907215, -0.5487657256054754, 2.7439034691339335], [0.014921607626486082, -0.9612724941860262, -0.2751924550881607, 1.384391486255155], [0.0, 0.0, 0.0, 1.0000000596044458]], 'frame_003470': [[-0.4736423663090706, 0.3587487882865828, -0.8043385358305253, 9.179311824634249], [0.8805799012892325, 0.17683367019723106, -0.43966769467539674, 2.8240925313077927], [-0.015496560808186248, -0.9165304124244162, -0.3996623782137585, 1.3225378663690395], [0.0, 0.0, 0.0, 0.9999999403950994]], 'frame_003510': [[-0.3520780113362698, 0.3813587363880827, -0.8547542803723498, 9.1452781483629], [0.9352842896923252, 0.10840201879162895, -0.33688473818880466, 2.887535556318323], [-0.03581735764081454, -0.9180487527714951, -0.3948443570015618, 1.3169515044413354], [0.0, 0.0, 0.0, 1.0000000596044458]], 'frame_003690': [[0.8021865034480298, 0.12455625621472662, -0.5839369920033025, 8.799252623278052], [0.5969409618591134, -0.14671049391686783, 0.788756862575455, 3.418472447229754], [0.012574947098603597, -0.98130614464657, -0.19204194277006315, 1.5043971404044885], [0.0, 0.0, 0.0, 1.0000000596044458]], 'frame_003710': [[0.7170077149688218, 0.12530284027539992, -0.6857106593233493, 8.746919300636147], [0.6970572723699064, -0.13355911158227712, 0.7044665545599038, 3.4934246429942304], [-0.003311216821180903, -0.9830876218937009, -0.18310621563001359, 1.4977531643080055], [0.0, 0.0, 0.0, 1.0000000596044458]], 'frame_003730': [[0.6518205105232497, 0.13960091706829184, -0.7454137183479688, 8.69701321624886], [0.7583711846242286, -0.11769157909374595, 0.6411098855827047, 3.5366412908208273], [0.0017706319540866681, -0.9831888555606568, -0.1825831247984369, 1.4978551929664012], [0.0, 0.0, 0.0, 1.0000000596044458]], 'frame_003750': [[0.5391733085456587, 0.09628303341888939, -0.8366729993739124, 8.629882059690578], [0.8421528486715915, -0.05171832495684364, 0.5367531119672013, 3.590111003935326], [0.008408899073967939, -0.994009498338638, -0.10897021984343924, 1.5087391509278758], [0.0, 0.0, 0.0, 1.0000000596044458]], 'frame_003900': [[-0.8451320929068854, 0.046911817371403985, -0.5324942736647832, 8.78330583702037], [0.5342660577133489, 0.04128181620165629, -0.8443074632844119, 3.7711523498075783], [-0.01762578024864963, -0.9980453933008352, -0.059951629853057915, 1.5772416340113034], [0.0, 0.0, 0.0, 1.0000000596044458]], 'frame_003920': [[-0.8518580567172338, 0.04247650872158269, -0.5220467813113969, 8.821329905606788], [0.5236316110770247, 0.045992317146277426, -0.8507021364077645, 3.8029575197010845], [-0.012124827242125684, -0.9980380262655769, -0.06142061143212488, 1.5634207982184605], [0.0, 0.0, 0.0, 0.9999999999997726]], 'frame_003940': [[-0.8549742179833392, 0.03867090772698106, -0.5172261995988015, 8.853198472977658], [0.5186417328390877, 0.053365067957698194, -0.8533244293160294, 3.833568809171827], [-0.005397121176208673, -0.9978257786782276, -0.06568174854093191, 1.5457328494564073], [0.0, 0.0, 0.0, 1.0000000596044458]], 'frame_003960': [[-0.86313580347058, 0.06925335675276627, -0.5001998277900511, 8.858504609227513], [0.504913389080421, 0.10337595048417472, -0.8569571311748244, 3.8529131537087133], [-0.007638625129325584, -0.9922282918112718, -0.12419408670850443, 1.5172111724576636], [0.0, 0.0, 0.0, 1.0000001788137922]], 'frame_003980': [[-0.8665020245994082, 0.0921090961334922, -0.49060103662822446, 8.851317865527221], [0.4991141765500865, 0.14481443162198174, -0.854349652690075, 3.8583890814140984], [-0.0076473588219037394, -0.9851620215766366, -0.17145461944908522, 1.487851378523105], [0.0, 0.0, 0.0, 1.0000000596044458]], 'frame_004000': [[-0.8636203084161694, 0.12789235586685702, -0.4876499710984162, 8.845742610431863], [0.5040635601360797, 0.2020094946667919, -0.839709120824784, 3.865357803166258], [-0.008882546872336774, -0.9709969551307588, -0.2389251012271008, 1.4582832232179845], [0.0, 0.0, 0.0, 0.9999999403950994]], 'frame_004020': [[-0.8558828458921883, 0.16631476399580647, -0.48969533814548494, 8.843058576320718], [0.5171364340272758, 0.26485157846695506, -0.8138933232176543, 3.8862891396656103], [-0.0056661980327535255, -0.9498377771649886, -0.3126885707710149, 1.4357610502195373], [0.0, 0.0, 0.0, 0.9999999403950994]], 'frame_004040': [[-0.8550690026830483, 0.18165777073573552, -0.4856491465404349, 8.844874197591537], [0.5184940798734567, 0.29177890949378693, -0.803758643777185, 3.899373028881786], [-0.0043071363839808025, -0.9390765123440455, -0.34367881624170665, 1.4223347805427555], [0.0, 0.0, 0.0, 1.0000000596044458]], 'frame_004060': [[-0.8589124084220428, 0.18355675636984592, -0.4780942403977111, 8.851686855647701], [0.5121174718546702, 0.30475281042492935, -0.8030320899297249, 3.9040839003785672], [-0.0017016913163748586, -0.9345757287747027, -0.3557578523154401, 1.416250243611532], [0.0, 0.0, 0.0, 0.9999999999997726]], 'frame_004080': [[-0.8615448517565114, 0.1870219784895265, -0.47197561608531485, 8.860508990687011], [0.5076726979250314, 0.3220876706767983, -0.7990788910444064, 3.9074833623846685], [0.002571935894910991, -0.9280525181527223, -0.37243815498455785, 1.405095373677023], [0.0, 0.0, 0.0, 1.0000000596044458]], 'frame_004100': [[-0.8466941230422467, 0.1894423185956685, -0.4972106296085009, 8.855565422211926], [0.5320683950401576, 0.29587256687682273, -0.7933231765112817, 3.9084537659638228], [-0.003178324354456716, -0.9362532522979445, -0.3513090095738545, 1.4121314647114094], [0.0, 0.0, 0.0, 0.9999999999997726]], 'frame_004330': [[0.6662923178769193, 0.2758952248757775, -0.6927743480117897, 8.519641073258622], [0.7447715686463545, -0.20010235216715966, 0.6366115012986651, 3.723358944312365], [0.03701220911033266, -0.9401278648540758, -0.33880559143482464, 1.4372264183581511], [0.0, 0.0, 0.0, 1.0000000596044458]], 'frame_004370': [[0.8004449949496395, 0.20047027617587362, -0.5648886147930472, 8.663691338088908], [0.5992059803520329, -0.2919591105893842, 0.745459951180123, 3.690499632639647], [-0.015482201624576282, -0.9351845455918726, -0.35382015822178225, 1.4286375678777656], [0.0, 0.0, 0.0, 1.0000000596044458]], 'frame_004450': [[0.9435013578502558, 0.17145727220631107, -0.28356221942593973, 8.624007775679575], [0.3285488344170056, -0.595432376368434, 0.7331559057367251, 3.420569291045946], [-0.0431370613119877, -0.7848977302246336, -0.6181233906943033, 1.3044270962479803], [0.0, 0.0, 0.0, 1.0000000596044458]], 'frame_004470': [[0.9630508883545469, 0.12818062526461899, -0.2368601756764003, 8.606353802649213], [0.26551857122369643, -0.599125235281284, 0.7553479392010766, 3.382499785713134], [-0.04508775128908339, -0.7903292741896808, -0.6110224842044655, 1.2999112945310445], [0.0, 0.0, 0.0, 1.0000000596044458]], 'frame_004510': [[0.9797934895790225, 0.061382075770721446, -0.19036001205786604, 8.66994388934836], [0.19339497169582276, -0.5335208988543141, 0.8233804859893499, 3.392185339946743], [-0.0510201033671055, -0.8435576809683887, -0.5346113825184327, 1.3157467348025524], [0.0, 0.0, 0.0, 1.0000000596044458]], 'frame_004710': [[0.35781147904066724, 0.10718307265507013, -0.9276218824708551, 8.984376654815284], [0.9337824838671642, -0.04590383235912226, 0.35488352089365965, 4.309888805776743], [-0.004544187155554041, -0.99317873174779, -0.11651039817454802, 1.5792823778093596], [0.0, 0.0, 0.0, 1.0000001788136856]], 'frame_004730': [[0.38748263810414785, 0.15271357888855047, -0.9091398729358846, 8.946983172153345], [0.9215885798676583, -0.0888264168969955, 0.37786721228461295, 4.465675756399765], [-0.023050488262211333, -0.9842702343286991, -0.17515758301718395, 1.5696259108818433], [0.0, 0.0, 0.0, 1.0000001192090053]], 'frame_004750': [[0.368749465609358, 0.17029989315939958, -0.9137951000836008, 8.960760323509284], [0.9283384863110481, -0.11720330956505337, 0.35277517603020325, 4.634461190622169], [-0.0470225426302709, -0.978397057236591, -0.201314415575681, 1.55200910077719], [0.0, 0.0, 0.0, 1.0000001788136856]], 'frame_005030': [[-0.931249688363628, 0.14957475808304713, -0.33226821594780576, 8.894721287169745], [0.35794815441098443, 0.5461252888667596, -0.7573773256526679, 5.627771895904859], [0.0681755870930743, -0.8242418087227742, -0.5621192555768539, 1.3117585524158086], [0.0, 0.0, 0.0, 0.9999999403950994]], 'frame_005270': [[-0.11163092625725059, 0.292818620899971, -0.9496290695833942, 8.282894565023906], [0.9934365835203924, 0.056861225127919524, -0.09924766603760758, 5.546422218426633], [0.024935359561940727, -0.9544755221380232, -0.29724411374865944, 1.4630079693956686], [0.0, 0.0, 0.0, 0.9999999999997726]], 'frame_005290': [[-0.1380463119480377, 0.3235770245657848, -0.9360772553457957, 8.290524295059285], [0.9898823425445868, 0.07637524569470154, -0.11958042892578745, 5.565747715619454], [0.03279948458870469, -0.9431141088622446, -0.3308464019449469, 1.4482011829685966], [0.0, 0.0, 0.0, 1.0000000596044458]], 'frame_005320': [[-0.21783160608513624, 0.45447615507794226, -0.8637131207911399, 8.300847624032123], [0.9757236370797459, 0.08088625934432835, -0.20351978655241953, 5.572999808713933], [-0.02263251360026659, -0.8870785876284928, -0.46106262739334086, 1.4290748682766756], [0.0, 0.0, 0.0, 1.0000000596044458]], 'frame_005340': [[-0.21903181158781104, 0.42944458768480925, -0.8761290450358684, 8.297364624402773], [0.9756857305518319, 0.08915212467144816, -0.20022235922032222, 5.571419404102116], [-0.00787580899032362, -0.8986817595257159, -0.4385299918277237, 1.4289738916486299], [0.0, 0.0, 0.0, 1.0000001788137922]], 'frame_005710': [[-0.7007998265423813, 0.21786364428508856, -0.6792773467944839, 6.852855104166755], [0.7107238045956531, 0.1314506944570154, -0.6910815888331096, 4.759515598140466], [-0.06126950898671729, -0.9670871691890423, -0.2469624994570803, 1.480000164513441], [0.0, 0.0, 0.0, 1.0000000596044458]], 'frame_005930': [[-0.28900395395958123, -0.3852280090063734, 0.876399447251557, 6.738324939621018], [-0.95553761440291, 0.17203841420067148, -0.23947992327272535, 4.669757773115909], [-0.05852001433991171, -0.9066433048595957, -0.41781967811281534, 1.430215232234454], [0.0, 0.0, 0.0, 1.0000000596044458]], 'frame_005950': [[-0.2029880302933923, -0.4451581439887676, 0.8721409814284486, 6.735268993929418], [-0.9781679232083378, 0.1326959103044517, -0.15993476474371876, 4.694803865645482], [-0.04453331300608033, -0.8855653205392093, -0.46237513850461626, 1.4162639133788821], [0.0, 0.0, 0.0, 1.0000000596044458]], 'frame_005970': [[-0.1281050668548824, -0.49429339669122596, 0.8598041261159374, 6.742475332178307], [-0.9908542877819415, 0.10084377480371458, -0.0896565021587349, 4.7234147047791595], [-0.04238930131186748, -0.8634260505293074, -0.5026913529810993, 1.4043661276755461], [0.0, 0.0, 0.0, 1.0000000596044458]], 'frame_006050': [[0.569705004453184, -0.5618817436915213, 0.599771753622501, 6.687177607721223], [-0.8123539081081049, -0.27437960786488425, 0.514587251609449, 4.896396541660923], [-0.12457261739542672, -0.7803895163089183, -0.6127623796319026, 1.3861206205714616], [0.0, 0.0, 0.0, 1.0000000596044458]], 'frame_006070': [[0.5966832051830432, -0.5595870962240168, 0.5751804385039435, 6.665160466000899], [-0.7969020967662238, -0.328848647176104, 0.5067630226577394, 4.926154819623489], [-0.09443135409513338, -0.7607391693965926, -0.6421545669538418, 1.3705255251258115], [0.0, 0.0, 0.0, 1.0000001788137922]], 'frame_006250': [[-0.7443975717589592, -0.05911444606855332, 0.6651162280995009, 6.677669265619632], [-0.6677335459561219, 0.06951831290823098, -0.7411477760390428, 4.595956853010549], [-0.0024255979789568963, -0.9958281326270003, -0.09122275114642718, 1.5458811978050773], [0.0, 0.0, 0.0, 0.999999940395206]], 'frame_006390': [[-0.9867712169756798, 0.04217838852947053, -0.15652932155584673, 6.429985165196348], [0.16176970348854838, 0.1934365187810372, -0.9676838488049779, 4.476623220489738], [-0.01053690351502078, -0.9802052609030242, -0.1976999691064463, 1.4975546608873689], [0.0, 0.0, 0.0, 1.0000000596044458]], 'frame_006490': [[-0.9804906266821537, -0.050185877488625436, -0.19004701250273134, 6.036701042326907], [0.18606996502310927, 0.07468040141583186, -0.979693950815471, 4.164152133501805], [0.06335955074903711, -0.9959435219735995, -0.06388454610343283, 1.5431254434798867], [0.0, 0.0, 0.0, 1.0000000596044458]], 'frame_006730': [[0.6868217005749208, -0.41235013003854376, 0.598533991057654, 5.860756259118935], [-0.7260848298815822, -0.3520860181965229, 0.5906219400173238, 3.676392873099831], [-0.03280717909748821, -0.8402385406687776, -0.5412214280167303, 1.4062299021330273], [0.0, 0.0, 0.0, 0.9999999999997726]], 'frame_006770': [[0.7067320103265777, -0.37718007036644946, 0.5985520615109808, 5.813831685516821], [-0.7074389951189695, -0.3675369660530839, 0.6036925345906716, 3.6605384115476847], [-0.007710354212314866, -0.8500880561156537, -0.5265819736834865, 1.415399290375247], [0.0, 0.0, 0.0, 1.0000000596044458]], 'frame_006790': [[0.6762359817817077, -0.40245816535533574, 0.6170346407591812, 5.763390410989004], [-0.7365190355544117, -0.3515908664289815, 0.5778594400867499, 3.660575671463207], [-0.015620094490263574, -0.8452272674352962, -0.5341764834198313, 1.4180844097252303], [0.0, 0.0, 0.0, 0.9999999999997726]], 'frame_006810': [[0.5964019254208789, -0.4240746761286984, 0.6815167024043729, 5.66140262371635], [-0.8021919909963772, -0.28512445502208117, 0.5245863187738539, 3.6527868374053316], [-0.02814637204590213, -0.8595717550323855, -0.5102380025622737, 1.4121508327628047], [0.0, 0.0, 0.0, 1.0000000596044458]], 'frame_006870': [[0.5863268206619328, -0.434350074387049, 0.683783970833385, 5.335950857159469], [-0.8100689048804949, -0.3113165113211311, 0.4968593371067309, 3.5549752461835364], [-0.0029373225022114044, -0.8452342286233132, -0.5343865605486288, 1.4193677385054282], [0.0, 0.0, 0.0, 1.0000000596044458]], 'frame_006950': [[0.2640394251875121, -0.46222781987892275, 0.846538848415329, 5.092266585809087], [-0.964489293689423, -0.12055477404779479, 0.23500279322766185, 3.5510173657400563], [-0.006570227628758493, -0.8785278416519833, -0.47764481595205793, 1.4330010811875775], [0.0, 0.0, 0.0, 0.999999940395206]], 'frame_006970': [[0.20548051486237284, -0.4469750241380227, 0.8706264578885614, 5.036512883037159], [-0.9786372607807753, -0.0876465828107988, 0.18597478762264272, 3.575448313506661], [-0.006818311484537202, -0.8902419283905265, -0.4554358463125432, 1.43736944269989], [0.0, 0.0, 0.0, 1.0000000596045382]], 'frame_007010': [[0.09261214949459372, -0.5414781761360649, 0.8355982125468289, 4.970843916417314], [-0.9954759592617953, -0.032465045231437346, 0.08929392355540972, 3.5776902879062225], [-0.021222926963403915, -0.8400877697198256, -0.5420351327966868, 1.427725791009402], [0.0, 0.0, 0.0, 1.0000001788137922]], 'frame_007030': [[0.03921222544482439, -0.5457423223431753, 0.8370349874672494, 4.945438195190097], [-0.9989350534672321, -0.0010297019947312245, 0.04612517474602568, 3.540420139740991], [-0.024310485875417214, -0.8379523208579026, -0.5452015015862792, 1.4335768736884165], [0.0, 0.0, 0.0, 0.9999999999997726]], 'frame_007050': [[-0.07277398740573834, -0.5476882937682215, 0.8335116082697326, 4.918404484553504], [-0.9970796888218066, 0.059349849732617026, -0.04805735536605059, 3.4837724897459825], [-0.02314827525525844, -0.8345748411771294, -0.5504079263794406, 1.4391530781777735], [0.0, 0.0, 0.0, 1.0000000596044458]], 'frame_007070': [[-0.19722141288461323, -0.549119784816435, 0.8121398550689218, 4.886564136444986], [-0.9803508158221328, 0.11381532501067632, -0.16111522135352369, 3.4507386244121707], [-0.0039623203151923645, -0.8279574131289056, -0.5607768709631081, 1.4376700440152232], [0.0, 0.0, 0.0, 0.9999999999997726]], 'frame_007130': [[-0.5723799329352129, -0.392411218308339, 0.7199954567502672, 4.8258475989699665], [-0.8199860615942741, 0.2720996216838491, -0.503571354508591, 3.3062413457577198], [0.0016968377989912335, -0.8786208864331301, -0.47751577570487763, 1.4486878592590788], [0.0, 0.0, 0.0, 1.0000000596044458]], 'frame_007150': [[-0.6264002408221777, -0.2888109852348166, 0.7240233645412392, 4.83046028299517], [-0.7795007371021174, 0.23180765963674468, -0.5819306599528521, 3.2839157029400425], [0.00023405608150103317, -0.9288987463165961, -0.3703323628454695, 1.4672948855687444], [0.0, 0.0, 0.0, 0.9999999403950994]], 'frame_007230': [[-0.6156168072881354, 0.18019014034479286, 0.7671658225086391, 4.8132787306391664], [-0.78584177744935, -0.06765598713807011, -0.6147135026008212, 3.3123022873131465], [-0.05886105968046472, -0.9813009231010299, 0.18325345615467017, 1.6334054309592578], [0.0, 0.0, 0.0, 1.000000059604325]], 'frame_007370': [[0.5874524832520847, 0.17606881605675342, 0.7898730666674956, 4.771509668562867], [-0.8042768297378783, 0.23515957910718105, 0.5457461552435218, 3.5947634952160583], [-0.08965740072283117, -0.9558764718862905, 0.2797530896383202, 1.6675141023425395], [0.0, 0.0, 0.0, 0.9999999999997726]], 'frame_007390': [[0.6304396692978675, 0.16506221819097217, 0.7584855156523016, 4.77742674498892], [-0.7721082216240582, 0.23400864841388683, 0.590837440277931, 3.6280200901866535], [-0.07996731871195487, -0.9581202290080022, 0.27497420727015914, 1.6626300042818267], [0.0, 0.0, 0.0, 1.0000000596044458]], 'frame_007410': [[0.6679050243202812, 0.14233953848566352, 0.7305080296142173, 4.78926775041373], [-0.7394670998739067, 0.23797450468568482, 0.629726775549252, 3.6583283716159083], [-0.08420706691467889, -0.9607846135576354, 0.2641999102538356, 1.6582743061193754], [0.0, 0.0, 0.0, 1.0000000596044458]], 'frame_007430': [[0.6897330642345655, 0.11951434744822234, 0.7141319107476789, 4.800645642887794], [-0.7200356511617573, 0.21710245079397944, 0.6591013961002253, 3.7016041443637753], [-0.07626751343445803, -0.9688046172111837, 0.2357974373243662, 1.6501511108319362], [0.0, 0.0, 0.0, 1.0000000596044458]], 'frame_007450': [[0.681543676283426, 0.1127309045348911, 0.723042019919172, 4.820314282405263], [-0.726965552814814, 0.21742407051384602, 0.651342686035275, 3.741265433261765], [-0.08378007299325799, -0.9695452736275058, 0.23013557819639258, 1.6445726177650533], [0.0, 0.0, 0.0, 1.0000000596044458]], 'frame_007510': [[0.8048973916505888, -0.013449511518750228, 0.5932618304315372, 4.907578098655797], [-0.5916025016693307, 0.05987573804436198, 0.8040042147491221, 3.7859204544138887], [-0.04633585689738254, -0.9981159482948966, 0.040236929303378216, 1.6110460872803962], [0.0, 0.0, 0.0, 1.0000000596044458]], 'frame_007530': [[0.8153352874937009, -0.019763594779290072, 0.5786519216467755, 4.930425751527476], [-0.5777064937463519, 0.038721971195811236, 0.815326475366726, 3.774046835032866], [-0.038520726213389006, -0.9990552608699172, 0.020153715757498865, 1.597185857281239], [0.0, 0.0, 0.0, 1.0000000596044458]], 'frame_007550': [[0.831275051920758, -0.024291301676168, 0.5553304889989412, 4.94592337817717], [-0.5558032264192524, -0.02186859312607393, 0.8310269946909798, 3.7621405861243797], [-0.008042846140747371, -0.9994664030111226, -0.031680093245470185, 1.5801385232735445], [0.0, 0.0, 0.0, 1.0000000596044458]], 'frame_007570': [[0.8359344777054571, -0.05697563013556244, 0.5458641624769047, 4.967810964041986], [-0.5487681190628922, -0.0718993870917492, 0.8328778608263057, 3.754918881235862], [-0.008206857541811767, -0.9957839582686544, -0.09136965670895583, 1.555785123612453], [0.0, 0.0, 0.0, 1.0000000596044458]], 'frame_007590': [[0.8615920084979309, -0.048350923845197576, 0.5052935867787346, 4.994551284582238], [-0.5075586387283106, -0.0691250605070048, 0.8588406557094387, 3.7393145629006934], [-0.0065977062812782395, -0.9964362360208121, -0.08409858050490876, 1.5504003174362604], [0.0, 0.0, 0.0, 1.0000000596044458]], 'frame_007630': [[0.8848713254296648, -0.05036104945191591, 0.4631051083937621, 5.084035846963355], [-0.46570914768479177, -0.07249933126977427, 0.8819633561420874, 3.751655973693933], [-0.010841948084206006, -0.9960965970347408, -0.08760626075286686, 1.510133237846331], [0.0, 0.0, 0.0, 0.9999999403950994]], 'frame_007650': [[0.9080483457228193, -0.09034127969809232, 0.40900695999729186, 5.131581701323898], [-0.41868162511256063, -0.16684121216512438, 0.8926759277606973, 3.7943389733863784], [-0.01240643853276283, -0.981836771815059, -0.1893241735745082, 1.4638042722078863], [0.0, 0.0, 0.0, 1.0000000596044458]], 'frame_007710': [[0.9584231962061287, 0.008283272404273892, 0.2852303774314955, 5.2316302057504815], [-0.28019213559034095, -0.16188210818528137, 0.9461949888914909, 3.8938911230331263], [0.05401130490402649, -0.986774544791995, -0.15283065519278546, 1.4912924123669473], [0.0, 0.0, 0.0, 1.0000000596044458]], 'frame_007870': [[0.7495984274697889, 0.07538820921396071, -0.6575859280816645, 5.175573725812366], [0.6598191078096183, -0.16369955394940444, 0.7333775433999513, 3.7776917139771733], [-0.05235807933062142, -0.9836260608356658, -0.17245165259952352, 1.5021732584675522], [0.0, 0.0, 0.0, 1.0000000596044458]], 'frame_007890': [[0.7557182250969071, 0.14713026188017542, -0.6381559495606829, 5.169610697792444], [0.6542870757531557, -0.21167654374709638, 0.7260184446883794, 3.7764049539858675], [-0.02826293944728987, -0.9662022463000219, -0.25623333415471194, 1.4675761137459273], [0.0, 0.0, 0.0, 0.9999998807904262]], 'frame_007910': [[0.7817418738961642, 0.19877203771110302, -0.5910744778331323, 5.18200249533294], [0.6233606445357409, -0.2754462606920204, 0.7318129884892568, 3.787714117903087], [-0.017345450846562756, -0.9405416564855045, -0.3392345479530641, 1.4399933503701532], [0.0, 0.0, 0.0, 1.0000001192090053]], 'frame_007930': [[0.830481950798933